x(0)= 100.0
x(1)= 99.0
x(2)= 98.0
x(3)= 97.0
x(4)= 96.0
x(5)= 95.0
x(6)= 94.0
x(7)= 93.0
x(8)= 92.0
x(9)= 91.0
x(10)= 90.0
x(11)= 89.0
x(12)= 88.0
x(13)= 87.0
x(14)= 86.0
x(15)= 85.0
x(16)= 84.0
x(17)= 83.0
x(18)= 82.0
x(19)= 81.0
x(20)= 80.0
x(21)= 79.0
x(22)= 78.0
x(23)= 77.0
x(24)= 76.0
x(25)= 75.0
x(26)= 74.0
x(27)= 73.0
x(28)= 72.0
x(29)= 71.0
x(30)= 70.0
x(31)= 69.0
x(32)= 68.0
x(33)= 67.0
x(34)= 66.0
x(35)= 65.0
x(36)= 64.0
x(37)= 63.0
x(38)= 62.0
x(39)= 61.0
x(40)= 60.0
x(41)= 59.0
x(42)= 58.0
x(43)= 57.0
x(44)= 56.0
x(45)= 55.0
x(46)= 54.0
x(47)= 53.0
x(48)= 52.0
x(49)= 51.0
x(50)= 50.0
x(51)= 49.0
x(52)= 48.0
x(53)= 47.0
x(54)= 46.0
x(55)= 45.0
x(56)= 44.0
x(57)= 43.0
x(58)= 42.0
x(59)= 41.0
x(60)= 40.0
x(61)= 39.0
x(62)= 38.0
x(63)= 37.0
x(64)= 36.0
x(65)= 35.0
x(66)= 34.0
x(67)= 33.0
x(68)= 32.00000000000001
x(69)= 31.000000000000036
x(70)= 30.000000000000103
x(71)= 29.00000000000029
x(72)= 28.0000000000008
x(73)= 27.00000000000218
x(74)= 26.00000000000594
x(75)= 25.000000000016158
x(76)= 24.000000000043933
x(77)= 23.000000000119435
x(78)= 22.000000000324672
x(79)= 21.000000000882565
x(80)= 20.000000002399076
x(81)= 19.000000006521383
x(82)= 18.000000017726975
x(83)= 17.000000048186934
x(84)= 16.000000130985683
x(85)= 15.000000356056002
x(86)= 14.000000967860426
x(87)= 13.000002630916255
x(88)= 12.000007151563175
x(89)= 11.0000194399
x(90)= 10.000052842652229
x(91)= 9.000143637713775
x(92)= 8.00039042187189
x(93)= 7.001061085234928
x(94)= 6.002882915023385
x(95)= 5.0078261478945585
x(96)= 4.02119698916856
x(97)= 3.0570599657508577
x(98)= 2.151111464735859
x(99)= 1.3838209880614056
x(100)= 0.8850592052459201
x(101)= 0.7104386835624146
x(102)= 0.6932958206281619
x(103)= 0.693147191606333
x(104)= 0.6931471805599454
Root is 0.6931471805599453
We needed 104 steps